SAMPLE_SOLOMON_FORMAT_15

VEHICLE
NUMBER     CAPACITY
    5            200

CUSTOMER
CUST NO.   XCOORD.   YCOORD.    DEMAND   READY TIME   DUE DATE   SERVICE TIME

    0        50        50         0         0      1000         0
    1        48        83        15       629       759        10
    2        20        16         5       156       334        15
    3        68        58        18       789       871        15
    4        29        81        28       433       636        10
    5        81        58        21       551       679        15
    6         4        86        23        92       245        15
    7        32        87        17       305       406        15
    8        37        22        21       658       870        20
    9        47        99         7       756       830        20
   10        77        96        22       682       909        20
   11         7         0        12       719       864        10
   12        37        78         5       741       919        10
   13        17        24        27       399       638        10
   14         6        58        18       236       438        10
   15         6        22         9       764      1000        15
